pfullmem(rss=96079872, vms=292855808, shared=55873536, text=3883008, lib=0, data=83542016, dirty=0, uss=92246016, pss=93365248, swap=0)
1
(3, 0)
2
(1, 0)
3
(0, 3)
4
(0, 1)
5
(3, 1)
6
(1, 1)
7
(0, 0)
8
(0, 2)
8
(3, 2)
9
(1, 2)
10
(0, 1)
11
(0, 3)
11
(3, 3)
12
(1, 3)
12
(0, 0)
13
(2, 0)
14
(1, 3)
15
(1, 1)
16
(0, 1)
17
(2, 1)
18
(1, 0)
19
(1, 2)
20
(0, 2)
20
(0, 3)
21
(2, 3)
22
(1, 2)
23
(1, 0)
24
(1, 0)
25
(3, 0)
25
(1, 1)
26
(3, 1)
27
(2, 0)
28
(2, 2)
29
(1, 2)
30
(3, 2)
31
(2, 1)
32
(2, 3)
33
(1, 3)
33
(2, 0)
34
(0, 0)
35
(3, 3)
35
(2, 1)
36
(0, 1)
36
(2, 2)
37
(0, 2)
38
(3, 1)
39
(3, 3)
40
(2, 3)
41
(0, 3)
42
(3, 2)
43
(3, 0)
pfullmem(rss=109244416, vms=304635904, shared=57135104, text=3883008, lib=0, data=95305728, dirty=0, uss=105332736, pss=106451968, swap=0)
1
(3, 0)
2
(1, 0)
3
(0, 3)
4
(0, 1)
5
(3, 1)
6
(1, 1)
7
(0, 0)
8
(0, 2)
8
(3, 2)
9
(1, 2)
10
(0, 1)
11
(0, 3)
11
(3, 3)
12
(1, 3)
13
(0, 2)
14
(0, 0)
15
(0, 0)
16
(2, 0)
17
(1, 3)
18
(1, 1)
19
(0, 1)
19
(0, 2)
19
(0, 3)
20
(2, 3)
21
(1, 2)
22
(1, 0)
23
(1, 0)
24
(3, 0)
24
(1, 1)
25
(3, 1)
26
(2, 0)
26
(1, 2)
27
(3, 2)
28
(2, 1)
29
(2, 3)
30
(1, 3)
31
(3, 3)
32
(2, 2)
33
(2, 0)
34
(2, 0)
35
(0, 0)
36
(3, 3)
37
(3, 1)
38
(2, 1)
39
(0, 1)
39
(2, 2)
40
(0, 2)
40
(2, 3)
41
(0, 3)
42
(3, 2)
43
(3, 0)
pfullmem(rss=112758784, vms=308412416, shared=57196544, text=3883008, lib=0, data=99074048, dirty=0, uss=108994560, pss=110113792, swap=0)
1
(3, 0)
2
(1, 0)
3
(0, 3)
4
(0, 1)
5
(3, 1)
6
(1, 1)
7
(0, 0)
7
(3, 2)
8
(1, 2)
9
(0, 1)
10
(0, 3)
11
(3, 3)
12
(1, 3)
13
(0, 2)
14
(0, 0)
15
(0, 0)
16
(2, 0)
17
(1, 3)
18
(1, 1)
18
(0, 1)
18
(0, 2)
18
(0, 3)
19
(2, 3)
20
(1, 2)
21
(1, 0)
22
(1, 0)
23
(3, 0)
24
(2, 3)
25
(2, 1)
26
(1, 1)
27
(3, 1)
28
(2, 0)
28
(1, 2)
29
(3, 2)
30
(2, 1)
31
(2, 3)
32
(1, 3)
33
(3, 3)
34
(2, 2)
35
(2, 0)
36
(2, 0)
37
(0, 0)
38
(3, 3)
39
(3, 1)
40
(2, 1)
41
(0, 1)
41
(2, 2)
42
(0, 2)
42
(2, 3)
43
(0, 3)
44
(3, 2)
45
(3, 0)
pfullmem(rss=113295360, vms=308793344, shared=57196544, text=3883008, lib=0, data=99454976, dirty=0, uss=109359104, pss=110478336, swap=0)
1
(3, 0)
2
(1, 0)
3
(0, 3)
4
(0, 1)
5
(3, 1)
6
(1, 1)
7
(0, 0)
8
(0, 2)
9
(3, 2)
10
(1, 2)
11
(0, 1)
12
(0, 3)
13
(3, 3)
14
(1, 3)
15
(0, 2)
16
(0, 0)
17
(0, 0)
18
(2, 0)
19
(1, 3)
20
(1, 1)
20
(0, 1)
20
(0, 2)
21
(2, 2)
22
(1, 1)
23
(1, 3)
24
(0, 3)
25
(2, 3)
26
(1, 2)
27
(1, 0)
28
(1, 0)
29
(3, 0)
30
(2, 3)
31
(2, 1)
32
(1, 1)
33
(3, 1)
34
(2, 0)
35
(2, 2)
36
(1, 2)
37
(3, 2)
38
(2, 1)
39
(2, 3)
40
(1, 3)
41
(3, 3)
42
(2, 2)
43
(2, 0)
44
(2, 0)
45
(0, 0)
46
(3, 3)
47
(3, 1)
48
(2, 1)
49
(0, 1)
49
(2, 2)
50
(0, 2)
51
(3, 1)
52
(3, 3)
53
(2, 3)
54
(0, 3)
55
(3, 2)
56
(3, 0)
pfullmem(rss=113295360, vms=308793344, shared=57196544, text=3883008, lib=0, data=99454976, dirty=0, uss=109359104, pss=110478336, swap=0)
1
(3, 0)
2
(1, 0)
3
(0, 3)
4
(0, 1)
5
(3, 1)
6
(1, 1)
7
(0, 0)
8
(0, 2)
9
(3, 2)
10
(1, 2)
11
(0, 1)
12
(0, 3)
13
(3, 3)
14
(1, 3)
15
(0, 2)
16
(0, 0)
17
(0, 0)
17
(0, 1)
18
(2, 1)
19
(1, 0)
20
(1, 2)
21
(0, 2)
22
(2, 2)
23
(1, 1)
24
(1, 3)
25
(0, 3)
26
(2, 3)
27
(1, 2)
28
(1, 0)
29
(1, 0)
30
(3, 0)
31
(2, 3)
32
(2, 1)
33
(1, 1)
34
(3, 1)
35
(2, 0)
36
(2, 2)
37
(1, 2)
38
(3, 2)
39
(2, 1)
40
(2, 3)
41
(1, 3)
42
(3, 3)
43
(2, 2)
44
(2, 0)
45
(2, 0)
46
(0, 0)
47
(3, 3)
48
(3, 1)
49
(2, 1)
50
(0, 1)
51
(3, 0)
52
(3, 2)
53
(2, 2)
54
(0, 2)
55
(3, 1)
56
(3, 3)
57
(2, 3)
58
(0, 3)
59
(3, 2)
60
(3, 0)
pfullmem(rss=113295360, vms=308793344, shared=57196544, text=3883008, lib=0, data=99454976, dirty=0, uss=109359104, pss=110478336, swap=0)
1
(3, 0)
2
(1, 0)
3
(0, 3)
4
(0, 1)
5
(3, 1)
6
(1, 1)
7
(0, 0)
8
(0, 2)
9
(3, 2)
10
(1, 2)
11
(0, 1)
12
(0, 3)
13
(3, 3)
14
(1, 3)
15
(0, 2)
16
(0, 0)
17
(0, 0)
18
(2, 0)
19
(1, 3)
20
(1, 1)
21
(0, 1)
22
(2, 1)
23
(1, 0)
24
(1, 2)
25
(0, 2)
26
(2, 2)
27
(1, 1)
28
(1, 3)
29
(0, 3)
30
(2, 3)
31
(1, 2)
32
(1, 0)
33
(1, 0)
34
(3, 0)
35
(2, 3)
36
(2, 1)
37
(1, 1)
38
(3, 1)
39
(2, 0)
40
(2, 2)
41
(1, 2)
42
(3, 2)
43
(2, 1)
44
(2, 3)
45
(1, 3)
46
(3, 3)
47
(2, 2)
48
(2, 0)
49
(2, 0)
50
(0, 0)
51
(3, 3)
52
(3, 1)
53
(2, 1)
54
(0, 1)
55
(3, 0)
56
(3, 2)
57
(2, 2)
58
(0, 2)
59
(3, 1)
60
(3, 3)
61
(2, 3)
62
(0, 3)
63
(3, 2)
64
(3, 0)
pfullmem(rss=113295360, vms=308793344, shared=57196544, text=3883008, lib=0, data=99454976, dirty=0, uss=109359104, pss=110478336, swap=0)
1
(3, 0)
2
(1, 0)
3
(0, 3)
4
(0, 1)
5
(3, 1)
6
(1, 1)
7
(0, 0)
8
(0, 2)
9
(3, 2)
10
(1, 2)
11
(0, 1)
12
(0, 3)
13
(3, 3)
14
(1, 3)
15
(0, 2)
16
(0, 0)
17
(0, 0)
18
(2, 0)
19
(1, 3)
20
(1, 1)
21
(0, 1)
22
(2, 1)
23
(1, 0)
24
(1, 2)
25
(0, 2)
26
(2, 2)
27
(1, 1)
28
(1, 3)
29
(0, 3)
30
(2, 3)
31
(1, 2)
32
(1, 0)
33
(1, 0)
34
(3, 0)
35
(2, 3)
36
(2, 1)
37
(1, 1)
38
(3, 1)
39
(2, 0)
40
(2, 2)
41
(1, 2)
42
(3, 2)
43
(2, 1)
44
(2, 3)
45
(1, 3)
46
(3, 3)
47
(2, 2)
48
(2, 0)
49
(2, 0)
50
(0, 0)
51
(3, 3)
52
(3, 1)
53
(2, 1)
54
(0, 1)
55
(3, 0)
56
(3, 2)
57
(2, 2)
58
(0, 2)
59
(3, 1)
60
(3, 3)
61
(2, 3)
62
(0, 3)
63
(3, 2)
64
(3, 0)
pfullmem(rss=113295360, vms=308793344, shared=57196544, text=3883008, lib=0, data=99454976, dirty=0, uss=109359104, pss=110478336, swap=0)
1
(3, 0)
2
(1, 0)
3
(0, 3)
4
(0, 1)
5
(3, 1)
6
(1, 1)
7
(0, 0)
8
(0, 2)
9
(3, 2)
10
(1, 2)
11
(0, 1)
12
(0, 3)
13
(3, 3)
14
(1, 3)
15
(0, 2)
16
(0, 0)
17
(0, 0)
18
(2, 0)
19
(1, 3)
20
(1, 1)
21
(0, 1)
22
(2, 1)
23
(1, 0)
24
(1, 2)
25
(0, 2)
26
(2, 2)
27
(1, 1)
28
(1, 3)
29
(0, 3)
30
(2, 3)
31
(1, 2)
32
(1, 0)
33
(1, 0)
34
(3, 0)
35
(2, 3)
36
(2, 1)
37
(1, 1)
38
(3, 1)
39
(2, 0)
40
(2, 2)
41
(1, 2)
42
(3, 2)
43
(2, 1)
44
(2, 3)
45
(1, 3)
46
(3, 3)
47
(2, 2)
48
(2, 0)
49
(2, 0)
50
(0, 0)
51
(3, 3)
52
(3, 1)
53
(2, 1)
54
(0, 1)
55
(3, 0)
56
(3, 2)
57
(2, 2)
58
(0, 2)
59
(3, 1)
60
(3, 3)
61
(2, 3)
62
(0, 3)
63
(3, 2)
64
(3, 0)
pfullmem(rss=113295360, vms=308793344, shared=57196544, text=3883008, lib=0, data=99454976, dirty=0, uss=109359104, pss=110478336, swap=0)
1
(3, 0)
2
(1, 0)
3
(0, 3)
4
(0, 1)
5
(3, 1)
6
(1, 1)
7
(0, 0)
8
(0, 2)
9
(3, 2)
10
(1, 2)
11
(0, 1)
12
(0, 3)
13
(3, 3)
14
(1, 3)
15
(0, 2)
16
(0, 0)
17
(0, 0)
18
(2, 0)
19
(1, 3)
20
(1, 1)
21
(0, 1)
22
(2, 1)
23
(1, 0)
24
(1, 2)
25
(0, 2)
26
(2, 2)
27
(1, 1)
28
(1, 3)
29
(0, 3)
30
(2, 3)
31
(1, 2)
32
(1, 0)
33
(1, 0)
34
(3, 0)
35
(2, 3)
36
(2, 1)
37
(1, 1)
38
(3, 1)
39
(2, 0)
40
(2, 2)
41
(1, 2)
42
(3, 2)
43
(2, 1)
44
(2, 3)
45
(1, 3)
46
(3, 3)
47
(2, 2)
48
(2, 0)
49
(2, 0)
50
(0, 0)
51
(3, 3)
52
(3, 1)
53
(2, 1)
54
(0, 1)
55
(3, 0)
56
(3, 2)
57
(2, 2)
58
(0, 2)
59
(3, 1)
60
(3, 3)
61
(2, 3)
62
(0, 3)
63
(3, 2)
64
(3, 0)
pfullmem(rss=113295360, vms=308793344, shared=57196544, text=3883008, lib=0, data=99454976, dirty=0, uss=109359104, pss=110478336, swap=0)
1
(3, 0)
2
(1, 0)
3
(0, 3)
4
(0, 1)
5
(3, 1)
6
(1, 1)
7
(0, 0)
8
(0, 2)
9
(3, 2)
10
(1, 2)
11
(0, 1)
12
(0, 3)
13
(3, 3)
14
(1, 3)
15
(0, 2)
16
(0, 0)
17
(0, 0)
18
(2, 0)
19
(1, 3)
20
(1, 1)
21
(0, 1)
22
(2, 1)
23
(1, 0)
24
(1, 2)
25
(0, 2)
26
(2, 2)
27
(1, 1)
28
(1, 3)
29
(0, 3)
30
(2, 3)
31
(1, 2)
32
(1, 0)
33
(1, 0)
34
(3, 0)
35
(2, 3)
36
(2, 1)
37
(1, 1)
38
(3, 1)
39
(2, 0)
40
(2, 2)
41
(1, 2)
42
(3, 2)
43
(2, 1)
44
(2, 3)
45
(1, 3)
46
(3, 3)
47
(2, 2)
48
(2, 0)
49
(2, 0)
50
(0, 0)
51
(3, 3)
52
(3, 1)
53
(2, 1)
54
(0, 1)
55
(3, 0)
56
(3, 2)
57
(2, 2)
58
(0, 2)
59
(3, 1)
60
(3, 3)
61
(2, 3)
62
(0, 3)
63
(3, 2)
64
(3, 0)
pfullmem(rss=113295360, vms=308793344, shared=57196544, text=3883008, lib=0, data=99454976, dirty=0, uss=109359104, pss=110478336, swap=0)
