pfullmem(rss=96473088, vms=292843520, shared=56279040, text=3883008, lib=0, data=83529728, dirty=0, uss=92753920, pss=93843456, swap=0)
1
(3, 0)
2
(1, 0)
3
(0, 3)
3
(3, 1)
4
(1, 1)
5
(0, 0)
6
(0, 2)
7
(3, 2)
8
(1, 2)
9
(0, 1)
10
(0, 3)
11
(3, 3)
12
(1, 3)
12
(0, 0)
13
(2, 0)
14
(1, 3)
15
(1, 1)
16
(0, 1)
17
(2, 1)
18
(1, 0)
19
(1, 2)
20
(0, 2)
20
(0, 3)
21
(2, 3)
22
(1, 2)
23
(1, 0)
24
(1, 0)
24
(1, 1)
25
(3, 1)
26
(2, 0)
27
(2, 2)
28
(1, 2)
29
(3, 2)
30
(2, 1)
30
(1, 3)
31
(3, 3)
31
(2, 0)
31
(2, 1)
32
(0, 1)
33
(3, 0)
33
(2, 2)
34
(0, 2)
35
(3, 1)
35
(2, 3)
36
(0, 3)
37
(3, 2)
38
(3, 0)
pfullmem(rss=110821376, vms=306106368, shared=57401344, text=3883008, lib=0, data=96784384, dirty=0, uss=107073536, pss=108163072, swap=0)
1
(3, 0)
2
(1, 0)
3
(0, 3)
3
(3, 1)
4
(1, 1)
5
(0, 0)
6
(0, 2)
7
(3, 2)
7
(3, 3)
8
(1, 3)
9
(0, 2)
10
(0, 0)
11
(0, 0)
12
(2, 0)
13
(1, 3)
14
(1, 1)
15
(0, 1)
16
(2, 1)
17
(1, 0)
18
(1, 2)
18
(0, 2)
19
(2, 2)
20
(1, 1)
21
(1, 3)
21
(0, 3)
22
(2, 3)
23
(1, 2)
24
(1, 0)
25
(1, 0)
26
(3, 0)
27
(2, 3)
28
(2, 1)
28
(1, 1)
29
(3, 1)
30
(2, 0)
31
(2, 2)
32
(1, 2)
33
(3, 2)
34
(2, 1)
35
(2, 3)
36
(1, 3)
37
(3, 3)
38
(2, 2)
38
(2, 0)
38
(2, 1)
39
(0, 1)
40
(3, 0)
40
(2, 2)
41
(0, 2)
42
(3, 1)
42
(2, 3)
43
(0, 3)
44
(3, 2)
45
(3, 0)
pfullmem(rss=116101120, vms=311308288, shared=57401344, text=3883008, lib=0, data=101974016, dirty=0, uss=112316416, pss=113405952, swap=0)
1
(3, 0)
2
(1, 0)
3
(0, 3)
4
(0, 1)
5
(3, 1)
6
(1, 1)
7
(0, 0)
8
(0, 2)
9
(3, 2)
9
(3, 3)
10
(1, 3)
11
(0, 2)
12
(0, 0)
13
(0, 0)
14
(2, 0)
14
(0, 1)
15
(2, 1)
16
(1, 0)
17
(1, 2)
17
(0, 2)
18
(2, 2)
19
(1, 1)
20
(1, 3)
21
(0, 3)
22
(2, 3)
23
(1, 2)
24
(1, 0)
25
(1, 0)
26
(3, 0)
27
(2, 3)
28
(2, 1)
29
(1, 1)
30
(3, 1)
31
(2, 0)
32
(2, 2)
33
(1, 2)
34
(3, 2)
35
(2, 1)
36
(2, 3)
37
(1, 3)
38
(3, 3)
39
(2, 2)
40
(2, 0)
41
(2, 0)
41
(2, 1)
42
(0, 1)
42
(2, 2)
43
(0, 2)
44
(3, 1)
44
(2, 3)
pfullmem(rss=116101120, vms=311308288, shared=57401344, text=3883008, lib=0, data=101974016, dirty=0, uss=112316416, pss=113405952, swap=0)
1
(3, 0)
2
(1, 0)
3
(0, 3)
4
(0, 1)
5
(3, 1)
6
(1, 1)
7
(0, 0)
8
(0, 2)
9
(3, 2)
9
(3, 3)
10
(1, 3)
11
(0, 2)
11
(0, 0)
12
(2, 0)
13
(1, 3)
14
(1, 1)
15
(0, 1)
16
(2, 1)
17
(1, 0)
18
(1, 2)
19
(0, 2)
19
(0, 3)
20
(2, 3)
21
(1, 2)
22
(1, 0)
23
(1, 0)
24
(3, 0)
25
(2, 3)
26
(2, 1)
27
(1, 1)
28
(3, 1)
29
(2, 0)
30
(2, 2)
31
(1, 2)
32
(3, 2)
33
(2, 1)
34
(2, 3)
35
(1, 3)
36
(3, 3)
37
(2, 2)
38
(2, 0)
39
(2, 0)
40
(0, 0)
41
(3, 3)
42
(3, 1)
43
(2, 1)
43
(2, 2)
44
(0, 2)
45
(3, 1)
45
(2, 3)
46
(0, 3)
47
(3, 2)
48
(3, 0)
pfullmem(rss=116101120, vms=311308288, shared=57401344, text=3883008, lib=0, data=101974016, dirty=0, uss=112316416, pss=113405952, swap=0)
1
(3, 0)
2
(1, 0)
3
(0, 3)
3
(3, 1)
3
(3, 2)
3
(3, 3)
4
(1, 3)
5
(0, 2)
5
(0, 0)
6
(2, 0)
7
(1, 3)
8
(1, 1)
9
(0, 1)
10
(2, 1)
11
(1, 0)
12
(1, 2)
12
(0, 2)
12
(0, 3)
12
(1, 0)
13
(3, 0)
14
(2, 3)
15
(2, 1)
16
(1, 1)
17
(3, 1)
18
(2, 0)
19
(2, 2)
20
(1, 2)
21
(3, 2)
22
(2, 1)
23
(2, 3)
24
(1, 3)
25
(3, 3)
26
(2, 2)
27
(2, 0)
28
(2, 0)
29
(0, 0)
30
(3, 3)
31
(3, 1)
32
(2, 1)
33
(0, 1)
34
(3, 0)
35
(3, 2)
36
(2, 2)
36
(2, 3)
37
(0, 3)
38
(3, 2)
39
(3, 0)
pfullmem(rss=116101120, vms=311308288, shared=57401344, text=3883008, lib=0, data=101974016, dirty=0, uss=112316416, pss=113405952, swap=0)
1
(3, 0)
2
(1, 0)
3
(0, 3)
3
(3, 1)
4
(1, 1)
5
(0, 0)
6
(0, 2)
7
(3, 2)
7
(3, 3)
8
(1, 3)
9
(0, 2)
9
(0, 0)
10
(2, 0)
11
(1, 3)
12
(1, 1)
13
(0, 1)
14
(2, 1)
15
(1, 0)
16
(1, 2)
16
(0, 2)
16
(0, 3)
16
(1, 0)
17
(3, 0)
18
(2, 3)
19
(2, 1)
20
(1, 1)
21
(3, 1)
22
(2, 0)
23
(2, 2)
24
(1, 2)
25
(3, 2)
26
(2, 1)
27
(2, 3)
28
(1, 3)
29
(3, 3)
30
(2, 2)
31
(2, 0)
32
(2, 0)
33
(0, 0)
34
(3, 3)
35
(3, 1)
36
(2, 1)
37
(0, 1)
38
(3, 0)
39
(3, 2)
40
(2, 2)
41
(0, 2)
42
(3, 1)
43
(3, 3)
44
(2, 3)
45
(0, 3)
46
(3, 2)
47
(3, 0)
pfullmem(rss=116101120, vms=311308288, shared=57401344, text=3883008, lib=0, data=101974016, dirty=0, uss=112316416, pss=113405952, swap=0)
1
(3, 0)
2
(1, 0)
3
(0, 3)
3
(3, 1)
4
(1, 1)
5
(0, 0)
6
(0, 2)
7
(3, 2)
8
(1, 2)
9
(0, 1)
10
(0, 3)
11
(3, 3)
11
(0, 0)
12
(2, 0)
13
(1, 3)
14
(1, 1)
15
(0, 1)
16
(2, 1)
17
(1, 0)
18
(1, 2)
18
(0, 2)
18
(0, 3)
18
(1, 0)
19
(3, 0)
20
(2, 3)
21
(2, 1)
22
(1, 1)
23
(3, 1)
24
(2, 0)
25
(2, 2)
26
(1, 2)
27
(3, 2)
28
(2, 1)
29
(2, 3)
30
(1, 3)
31
(3, 3)
32
(2, 2)
33
(2, 0)
34
(2, 0)
35
(0, 0)
36
(3, 3)
37
(3, 1)
38
(2, 1)
39
(0, 1)
40
(3, 0)
41
(3, 2)
42
(2, 2)
43
(0, 2)
44
(3, 1)
45
(3, 3)
46
(2, 3)
47
(0, 3)
48
(3, 2)
49
(3, 0)
pfullmem(rss=116101120, vms=311308288, shared=57401344, text=3883008, lib=0, data=101974016, dirty=0, uss=112316416, pss=113405952, swap=0)
1
(3, 0)
1
(3, 1)
2
(1, 1)
3
(0, 0)
4
(0, 2)
5
(3, 2)
6
(1, 2)
7
(0, 1)
8
(0, 3)
9
(3, 3)
10
(1, 3)
11
(0, 2)
12
(0, 0)
13
(0, 0)
14
(2, 0)
15
(1, 3)
16
(1, 1)
17
(0, 1)
17
(0, 2)
18
(2, 2)
19
(1, 1)
20
(1, 3)
21
(0, 3)
21
(1, 0)
22
(3, 0)
23
(2, 3)
24
(2, 1)
25
(1, 1)
26
(3, 1)
27
(2, 0)
28
(2, 2)
29
(1, 2)
30
(3, 2)
31
(2, 1)
32
(2, 3)
33
(1, 3)
34
(3, 3)
35
(2, 2)
36
(2, 0)
37
(2, 0)
38
(0, 0)
39
(3, 3)
40
(3, 1)
41
(2, 1)
42
(0, 1)
43
(3, 0)
44
(3, 2)
45
(2, 2)
46
(0, 2)
47
(3, 1)
48
(3, 3)
49
(2, 3)
50
(0, 3)
51
(3, 2)
52
(3, 0)
pfullmem(rss=116101120, vms=311308288, shared=57401344, text=3883008, lib=0, data=101974016, dirty=0, uss=112316416, pss=113405952, swap=0)
1
(3, 0)
2
(1, 0)
3
(0, 3)
4
(0, 1)
5
(3, 1)
6
(1, 1)
7
(0, 0)
8
(0, 2)
9
(3, 2)
10
(1, 2)
11
(0, 1)
12
(0, 3)
13
(3, 3)
14
(1, 3)
15
(0, 2)
16
(0, 0)
17
(0, 0)
18
(2, 0)
19
(1, 3)
20
(1, 1)
21
(0, 1)
22
(2, 1)
23
(1, 0)
24
(1, 2)
25
(0, 2)
26
(2, 2)
27
(1, 1)
28
(1, 3)
29
(0, 3)
30
(2, 3)
31
(1, 2)
32
(1, 0)
33
(1, 0)
34
(3, 0)
35
(2, 3)
36
(2, 1)
37
(1, 1)
38
(3, 1)
39
(2, 0)
40
(2, 2)
41
(1, 2)
42
(3, 2)
43
(2, 1)
44
(2, 3)
45
(1, 3)
46
(3, 3)
47
(2, 2)
48
(2, 0)
49
(2, 0)
50
(0, 0)
51
(3, 3)
52
(3, 1)
53
(2, 1)
54
(0, 1)
55
(3, 0)
56
(3, 2)
57
(2, 2)
58
(0, 2)
59
(3, 1)
60
(3, 3)
61
(2, 3)
62
(0, 3)
63
(3, 2)
64
(3, 0)
pfullmem(rss=116101120, vms=311308288, shared=57401344, text=3883008, lib=0, data=101974016, dirty=0, uss=112316416, pss=113405952, swap=0)
1
(3, 0)
2
(1, 0)
3
(0, 3)
4
(0, 1)
5
(3, 1)
6
(1, 1)
7
(0, 0)
8
(0, 2)
9
(3, 2)
10
(1, 2)
11
(0, 1)
12
(0, 3)
13
(3, 3)
14
(1, 3)
15
(0, 2)
16
(0, 0)
17
(0, 0)
18
(2, 0)
19
(1, 3)
20
(1, 1)
21
(0, 1)
22
(2, 1)
23
(1, 0)
24
(1, 2)
25
(0, 2)
26
(2, 2)
27
(1, 1)
28
(1, 3)
29
(0, 3)
30
(2, 3)
31
(1, 2)
32
(1, 0)
33
(1, 0)
34
(3, 0)
35
(2, 3)
36
(2, 1)
37
(1, 1)
38
(3, 1)
39
(2, 0)
40
(2, 2)
41
(1, 2)
42
(3, 2)
43
(2, 1)
44
(2, 3)
45
(1, 3)
46
(3, 3)
47
(2, 2)
48
(2, 0)
49
(2, 0)
50
(0, 0)
51
(3, 3)
52
(3, 1)
53
(2, 1)
54
(0, 1)
55
(3, 0)
56
(3, 2)
57
(2, 2)
58
(0, 2)
59
(3, 1)
60
(3, 3)
61
(2, 3)
62
(0, 3)
63
(3, 2)
64
(3, 0)
pfullmem(rss=116101120, vms=311308288, shared=57401344, text=3883008, lib=0, data=101974016, dirty=0, uss=112316416, pss=113405952, swap=0)
